# relative_time, cycles_done, cur_item, corpus_count, pending_total, pending_favs, map_size, saved_crashes, saved_hangs, max_depth, execs_per_sec, total_execs, edges_found, total_crashes, servers_count
61, 0, 13, 22, 20, 6, 2.81%, 0, 0, 3, 102.65, 8413, 1201, 0, 0
66, 0, 13, 24, 22, 6, 2.81%, 0, 0, 3, 97.00, 8906, 1201, 0, 0
71, 0, 13, 24, 22, 6, 2.81%, 0, 0, 3, 107.40, 9509, 1201, 0, 0
76, 0, 14, 25, 21, 4, 2.81%, 0, 0, 3, 132.36, 10194, 1201, 0, 0
81, 0, 24, 25, 18, 1, 2.81%, 0, 0, 3, 144.31, 10943, 1201, 0, 0
86, 0, 17, 26, 17, 0, 2.81%, 0, 0, 3, 139.57, 11652, 1201, 0, 0
91, 0, 23, 26, 16, 0, 2.81%, 0, 0, 3, 113.16, 12237, 1201, 0, 0
97, 0, 3, 26, 15, 0, 2.81%, 0, 0, 3, 129.88, 12891, 1201, 0, 0
102, 0, 15, 26, 14, 0, 2.81%, 0, 0, 3, 144.30, 13641, 1201, 0, 0
107, 1, 15, 26, 12, 0, 2.81%, 0, 0, 3, 145.04, 14391, 1201, 0, 0
112, 1, 18, 26, 11, 0, 2.81%, 0, 0, 3, 125.77, 15034, 1201, 0, 0
117, 1, 1, 27, 10, 0, 2.82%, 0, 0, 3, 111.76, 15571, 1208, 0, 0
122, 1, 21, 28, 10, 0, 2.82%, 0, 0, 3, 113.18, 16200, 1208, 0, 0
127, 1, 17, 28, 7, 0, 2.82%, 0, 0, 3, 133.21, 16872, 1208, 0, 0
132, 1, 19, 28, 6, 0, 2.82%, 0, 0, 3, 120.62, 17482, 1208, 0, 0
138, 1, 23, 28, 4, 0, 2.82%, 0, 0, 3, 124.06, 18137, 1208, 0, 0
143, 1, 28, 30, 6, 1, 2.85%, 0, 0, 5, 112.92, 18723, 1218, 0, 0
148, 1, 28, 35, 11, 1, 2.85%, 0, 0, 5, 102.44, 19218, 1218, 0, 0
153, 1, 28, 35, 11, 1, 2.85%, 0, 0, 5, 100.60, 19722, 1218, 0, 0
158, 1, 28, 35, 11, 1, 2.85%, 0, 0, 5, 100.21, 20238, 1218, 0, 0
163, 1, 28, 37, 13, 1, 2.85%, 0, 0, 5, 99.44, 20743, 1218, 0, 0
168, 1, 28, 38, 14, 1, 2.85%, 0, 0, 5, 99.79, 21251, 1218, 0, 0
173, 1, 28, 38, 14, 1, 2.85%, 0, 0, 5, 100.64, 21758, 1218, 0, 0
178, 1, 28, 38, 14, 1, 2.85%, 0, 0, 5, 100.34, 22282, 1218, 0, 0
183, 1, 28, 38, 14, 1, 2.85%, 0, 0, 5, 100.65, 22788, 1218, 0, 0
188, 1, 28, 38, 14, 1, 2.85%, 0, 0, 5, 100.22, 23304, 1218, 0, 0
194, 1, 28, 38, 14, 1, 2.85%, 0, 0, 5, 100.24, 23824, 1218, 0, 0
199, 1, 28, 38, 14, 1, 2.85%, 0, 0, 5, 100.02, 24341, 1218, 0, 0
204, 1, 28, 39, 15, 1, 2.85%, 0, 0, 5, 100.36, 24864, 1218, 0, 0
209, 1, 28, 40, 16, 1, 2.86%, 0, 0, 5, 99.34, 25363, 1222, 0, 0
214, 1, 28, 40, 16, 1, 2.86%, 0, 0, 5, 97.44, 25865, 1222, 0, 0
219, 1, 28, 40, 16, 1, 2.86%, 0, 0, 5, 99.95, 26375, 1222, 0, 0
224, 1, 28, 40, 16, 1, 2.86%, 0, 0, 5, 101.22, 26881, 1222, 0, 0
229, 1, 28, 40, 16, 1, 2.86%, 0, 0, 5, 100.49, 27387, 1222, 0, 0
234, 1, 28, 40, 16, 1, 2.86%, 0, 0, 5, 99.92, 27899, 1222, 0, 0
240, 1, 28, 40, 16, 1, 2.86%, 0, 0, 5, 99.01, 28406, 1222, 0, 0
245, 1, 28, 40, 16, 1, 2.86%, 0, 0, 5, 99.82, 28917, 1222, 0, 0
250, 1, 28, 40, 16, 1, 2.86%, 0, 0, 5, 100.93, 29441, 1222, 0, 0
255, 1, 28, 40, 16, 1, 2.86%, 0, 0, 5, 100.39, 29949, 1222, 0, 0
260, 1, 28, 40, 16, 1, 2.86%, 0, 0, 5, 99.64, 30465, 1222, 0, 0
265, 1, 28, 40, 16, 1, 2.86%, 0, 0, 5, 100.68, 30979, 1222, 0, 0
270, 1, 28, 40, 16, 1, 2.86%, 0, 0, 5, 100.09, 31481, 1222, 0, 0
275, 1, 32, 40, 15, 3, 2.86%, 0, 0, 5, 97.21, 31981, 1222, 0, 0
281, 1, 32, 40, 15, 3, 2.86%, 0, 0, 5, 97.11, 32478, 1222, 0, 0
286, 1, 39, 40, 14, 2, 2.86%, 0, 0, 5, 107.95, 33016, 1222, 0, 0
291, 1, 41, 42, 14, 2, 2.86%, 0, 0, 7, 138.29, 33769, 1224, 0, 0
296, 1, 37, 42, 13, 1, 2.86%, 0, 0, 7, 102.90, 34269, 1224, 0, 0
301, 1, 37, 42, 13, 1, 2.86%, 0, 0, 7, 93.31, 34724, 1224, 0, 0
306, 1, 37, 42, 13, 1, 2.86%, 0, 0, 7, 91.27, 35190, 1224, 0, 0
311, 1, 35, 42, 12, 0, 2.86%, 0, 0, 7, 84.64, 35642, 1224, 0, 0
317, 1, 23, 42, 10, 0, 2.86%, 0, 0, 7, 114.01, 36252, 1224, 0, 0
322, 1, 6, 42, 10, 0, 2.86%, 0, 0, 7, 125.26, 36866, 1224, 0, 0
327, 1, 31, 42, 9, 0, 2.86%, 0, 0, 7, 107.35, 37443, 1224, 0, 0
332, 1, 31, 42, 9, 0, 2.86%, 0, 0, 7, 87.64, 37857, 1224, 0, 0
337, 1, 31, 42, 9, 0, 2.86%, 0, 0, 7, 83.55, 38282, 1224, 0, 0
342, 1, 31, 42, 9, 0, 2.86%, 0, 0, 7, 82.18, 38707, 1224, 0, 0
347, 1, 31, 42, 9, 0, 2.86%, 0, 0, 7, 82.04, 39130, 1224, 0, 0
352, 2, 35, 42, 8, 0, 2.86%, 0, 0, 7, 127.29, 39812, 1224, 0, 0
357, 2, 15, 42, 8, 0, 2.86%, 0, 0, 7, 105.42, 40316, 1224, 0, 0
362, 2, 36, 42, 8, 0, 2.86%, 0, 0, 7, 100.90, 40862, 1224, 0, 0
368, 2, 36, 42, 8, 0, 2.86%, 0, 0, 7, 89.25, 41305, 1224, 0, 0
373, 2, 36, 42, 8, 0, 2.86%, 0, 0, 7, 86.54, 41752, 1224, 0, 0
378, 2, 10, 42, 7, 0, 2.86%, 0, 0, 7, 91.39, 42217, 1224, 0, 0
383, 2, 35, 42, 6, 0, 2.86%, 0, 0, 7, 100.45, 42746, 1224, 0, 0
388, 2, 29, 42, 6, 0, 2.86%, 0, 0, 7, 82.25, 43150, 1224, 0, 0
393, 2, 35, 42, 5, 0, 2.86%, 0, 0, 7, 123.32, 43830, 1224, 0, 0
398, 2, 30, 42, 5, 0, 2.86%, 0, 0, 7, 87.41, 44240, 1224, 0, 0
404, 2, 30, 42, 5, 0, 2.86%, 0, 0, 7, 79.53, 44640, 1224, 0, 0
409, 2, 30, 42, 5, 0, 2.86%, 0, 0, 7, 77.62, 45039, 1224, 0, 0
414, 2, 38, 42, 4, 0, 2.86%, 0, 0, 7, 99.11, 45581, 1224, 0, 0
419, 2, 4, 42, 3, 0, 2.86%, 0, 0, 7, 116.24, 46158, 1224, 0, 0
424, 2, 39, 43, 3, 0, 2.88%, 0, 0, 7, 138.52, 46876, 1234, 0, 0
429, 2, 43, 45, 4, 1, 2.89%, 0, 0, 8, 145.26, 47630, 1236, 0, 0
434, 2, 41, 45, 2, 0, 2.89%, 0, 0, 8, 147.36, 48381, 1236, 0, 0
439, 2, 41, 45, 2, 0, 2.89%, 0, 0, 8, 147.20, 49131, 1236, 0, 0
444, 2, 40, 45, 2, 0, 2.89%, 0, 0, 8, 148.08, 49881, 1236, 0, 0
449, 2, 35, 45, 2, 0, 2.89%, 0, 0, 8, 121.91, 50507, 1236, 0, 0
455, 2, 42, 46, 3, 0, 2.89%, 0, 0, 8, 140.49, 51256, 1238, 0, 0
460, 3, 42, 46, 2, 0, 2.89%, 0, 0, 8, 145.16, 52007, 1238, 0, 0
465, 3, 40, 46, 2, 0, 2.89%, 0, 0, 8, 146.11, 52753, 1238, 0, 0
470, 3, 45, 46, 2, 0, 2.89%, 0, 0, 8, 147.32, 53503, 1238, 0, 0
475, 3, 34, 46, 2, 0, 2.89%, 0, 0, 8, 120.49, 54140, 1238, 0, 0
480, 3, 45, 46, 1, 0, 2.89%, 0, 0, 8, 137.51, 54834, 1238, 0, 0
485, 3, 44, 46, 1, 0, 2.89%, 0, 0, 8, 144.23, 55584, 1238, 0, 0
491, 3, 43, 46, 1, 0, 2.89%, 0, 0, 8, 146.07, 56334, 1238, 0, 0
496, 3, 35, 46, 1, 0, 2.89%, 0, 0, 8, 132.77, 57038, 1238, 0, 0
501, 3, 37, 46, 1, 0, 2.89%, 0, 0, 8, 128.29, 57696, 1238, 0, 0
506, 3, 43, 46, 1, 0, 2.89%, 0, 0, 8, 138.31, 58382, 1238, 0, 0
511, 3, 39, 46, 1, 0, 2.89%, 0, 0, 8, 145.56, 59130, 1238, 0, 0
516, 3, 40, 46, 1, 0, 2.89%, 0, 0, 8, 146.70, 59880, 1238, 0, 0
521, 4, 16, 46, 1, 0, 2.89%, 0, 0, 8, 146.78, 60628, 1238, 0, 0
526, 4, 44, 46, 1, 0, 2.89%, 0, 0, 8, 147.66, 61378, 1238, 0, 0
532, 4, 45, 46, 1, 0, 2.89%, 0, 0, 8, 142.96, 62090, 1238, 0, 0
537, 4, 35, 46, 1, 0, 2.89%, 0, 0, 8, 131.36, 62792, 1238, 0, 0
542, 4, 41, 46, 1, 0, 2.89%, 0, 0, 8, 138.43, 63484, 1238, 0, 0
547, 4, 16, 46, 1, 0, 2.89%, 0, 0, 8, 145.40, 64234, 1238, 0, 0
552, 4, 35, 46, 1, 0, 2.89%, 0, 0, 8, 131.21, 64934, 1238, 0, 0
557, 4, 39, 46, 1, 0, 2.89%, 0, 0, 8, 137.51, 65614, 1238, 0, 0
562, 4, 45, 46, 1, 0, 2.89%, 0, 0, 8, 143.57, 66362, 1238, 0, 0
568, 4, 14, 46, 1, 0, 2.89%, 0, 0, 8, 144.49, 67108, 1238, 0, 0
573, 4, 6, 46, 1, 0, 2.89%, 0, 0, 8, 145.61, 67858, 1238, 0, 0
578, 4, 45, 46, 1, 0, 2.89%, 0, 0, 8, 147.23, 68608, 1238, 0, 0
583, 5, 43, 46, 1, 0, 2.89%, 0, 0, 8, 142.95, 69306, 1238, 0, 0
588, 5, 43, 46, 1, 0, 2.89%, 0, 0, 8, 145.10, 70056, 1238, 0, 0
593, 5, 17, 46, 1, 0, 2.89%, 0, 0, 8, 146.70, 70804, 1238, 0, 0
598, 5, 43, 46, 1, 0, 2.89%, 0, 0, 8, 138.86, 71504, 1238, 0, 0
603, 5, 40, 46, 1, 0, 2.89%, 0, 0, 8, 133.15, 72184, 1238, 0, 0
608, 5, 35, 47, 2, 0, 2.89%, 0, 0, 8, 102.39, 72704, 1238, 0, 0
613, 5, 46, 47, 2, 0, 2.89%, 0, 0, 8, 122.61, 73386, 1238, 0, 0
619, 5, 46, 47, 2, 0, 2.89%, 0, 0, 8, 86.97, 73787, 1238, 0, 0
624, 5, 46, 47, 2, 0, 2.89%, 0, 0, 8, 79.89, 74190, 1238, 0, 0
629, 5, 43, 47, 1, 0, 2.89%, 0, 0, 8, 132.04, 74907, 1238, 0, 0
634, 5, 14, 47, 1, 0, 2.89%, 0, 0, 8, 144.06, 75657, 1238, 0, 0
639, 5, 35, 47, 1, 0, 2.89%, 0, 0, 8, 125.66, 76329, 1238, 0, 0
644, 5, 40, 47, 1, 0, 2.89%, 0, 0, 8, 141.29, 77043, 1238, 0, 0
649, 5, 29, 47, 1, 0, 2.89%, 0, 0, 8, 121.36, 77701, 1238, 0, 0
654, 6, 40, 47, 1, 0, 2.89%, 0, 0, 8, 141.28, 78433, 1238, 0, 0
660, 6, 39, 47, 1, 0, 2.89%, 0, 0, 8, 140.10, 79145, 1238, 0, 0
665, 6, 41, 47, 1, 0, 2.89%, 0, 0, 8, 144.04, 79893, 1238, 0, 0
670, 6, 39, 47, 1, 0, 2.89%, 0, 0, 8, 146.93, 80643, 1238, 0, 0
675, 6, 43, 47, 1, 0, 2.89%, 0, 0, 8, 146.47, 81393, 1238, 0, 0
680, 6, 41, 47, 1, 0, 2.89%, 0, 0, 8, 145.37, 82137, 1238, 0, 0
685, 6, 43, 47, 1, 0, 2.89%, 0, 0, 8, 146.10, 82887, 1238, 0, 0
690, 6, 42, 47, 1, 0, 2.89%, 0, 0, 8, 146.35, 83635, 1238, 0, 0
695, 6, 44, 47, 1, 0, 2.89%, 0, 0, 8, 146.76, 84381, 1238, 0, 0
700, 6, 33, 47, 1, 0, 2.89%, 0, 0, 8, 146.68, 85129, 1238, 0, 0
706, 6, 33, 47, 1, 0, 2.89%, 0, 0, 8, 107.26, 85631, 1238, 0, 0
711, 6, 43, 47, 0, 0, 2.89%, 0, 0, 8, 136.02, 86339, 1238, 0, 0
716, 6, 43, 47, 0, 0, 2.89%, 0, 0, 8, 130.04, 86957, 1238, 0, 0
721, 7, 35, 47, 0, 0, 2.89%, 0, 0, 8, 138.49, 87691, 1238, 0, 0
726, 7, 16, 47, 0, 0, 2.89%, 0, 0, 8, 136.01, 88337, 1238, 0, 0
731, 7, 43, 47, 0, 0, 2.89%, 0, 0, 8, 144.38, 89085, 1238, 0, 0
736, 7, 45, 47, 0, 0, 2.89%, 0, 0, 8, 145.15, 89833, 1238, 0, 0
741, 7, 43, 47, 0, 0, 2.89%, 0, 0, 8, 131.64, 90449, 1238, 0, 0
747, 7, 41, 47, 0, 0, 2.89%, 0, 0, 8, 131.95, 91107, 1238, 0, 0
752, 7, 45, 47, 0, 0, 2.89%, 0, 0, 8, 143.40, 91857, 1238, 0, 0
757, 7, 35, 47, 0, 0, 2.89%, 0, 0, 8, 119.33, 92505, 1238, 0, 0
762, 7, 14, 47, 0, 0, 2.89%, 0, 0, 8, 121.26, 93159, 1238, 0, 0
767, 7, 25, 47, 0, 0, 2.89%, 0, 0, 8, 140.91, 93903, 1238, 0, 0
772, 7, 23, 47, 0, 0, 2.89%, 0, 0, 8, 127.24, 94551, 1238, 0, 0
777, 8, 14, 47, 0, 0, 2.89%, 0, 0, 8, 141.23, 95289, 1238, 0, 0
783, 8, 43, 47, 0, 0, 2.89%, 0, 0, 8, 144.84, 96035, 1238, 0, 0
788, 8, 25, 47, 0, 0, 2.89%, 0, 0, 8, 147.01, 96785, 1238, 0, 0
793, 8, 42, 47, 0, 0, 2.89%, 0, 0, 8, 147.73, 97533, 1238, 0, 0
798, 8, 35, 47, 0, 0, 2.89%, 0, 0, 8, 125.00, 98201, 1238, 0, 0
803, 8, 44, 47, 0, 0, 2.89%, 0, 0, 8, 139.66, 98909, 1238, 0, 0
808, 8, 42, 47, 0, 0, 2.89%, 0, 0, 8, 145.74, 99659, 1238, 0, 0
813, 8, 15, 47, 0, 0, 2.89%, 0, 0, 8, 123.39, 100311, 1238, 0, 0
818, 8, 16, 47, 0, 0, 2.89%, 0, 0, 8, 142.79, 101061, 1238, 0, 0
823, 8, 35, 47, 0, 0, 2.89%, 0, 0, 8, 119.76, 101709, 1238, 0, 0
829, 8, 18, 47, 0, 0, 2.89%, 0, 0, 8, 110.54, 102321, 1238, 0, 0
834, 9, 40, 47, 0, 0, 2.89%, 0, 0, 8, 137.67, 103055, 1238, 0, 0
839, 9, 23, 47, 0, 0, 2.89%, 0, 0, 8, 141.89, 103787, 1238, 0, 0
844, 9, 44, 47, 0, 0, 2.89%, 0, 0, 8, 137.07, 104477, 1238, 0, 0
849, 9, 44, 47, 0, 0, 2.89%, 0, 0, 8, 145.61, 105227, 1238, 0, 0
854, 9, 42, 47, 0, 0, 2.89%, 0, 0, 8, 148.00, 105977, 1238, 0, 0
859, 9, 45, 47, 0, 0, 2.89%, 0, 0, 8, 146.91, 106727, 1238, 0, 0
864, 9, 43, 47, 0, 0, 2.89%, 0, 0, 8, 147.57, 107477, 1238, 0, 0
870, 9, 35, 47, 0, 0, 2.89%, 0, 0, 8, 133.55, 108181, 1238, 0, 0
875, 9, 44, 47, 0, 0, 2.89%, 0, 0, 8, 130.62, 108799, 1238, 0, 0
880, 9, 43, 47, 0, 0, 2.89%, 0, 0, 8, 139.79, 109513, 1238, 0, 0
885, 9, 41, 47, 0, 0, 2.89%, 0, 0, 8, 118.31, 110149, 1238, 0, 0
890, 10, 15, 47, 0, 0, 2.89%, 0, 0, 8, 138.75, 110893, 1238, 0, 0
895, 10, 39, 47, 0, 0, 2.89%, 0, 0, 8, 144.80, 111643, 1238, 0, 0
900, 10, 15, 47, 0, 0, 2.89%, 0, 0, 8, 147.89, 112393, 1238, 0, 0
905, 10, 44, 47, 0, 0, 2.89%, 0, 0, 8, 148.17, 113143, 1238, 0, 0
910, 10, 41, 47, 0, 0, 2.89%, 0, 0, 8, 148.11, 113893, 1238, 0, 0
915, 10, 45, 47, 0, 0, 2.89%, 0, 0, 8, 147.50, 114645, 1238, 0, 0
921, 10, 41, 47, 0, 0, 2.89%, 0, 0, 8, 136.82, 115341, 1238, 0, 0
926, 10, 45, 47, 0, 0, 2.89%, 0, 0, 8, 142.75, 116089, 1238, 0, 0
931, 10, 35, 47, 0, 0, 2.89%, 0, 0, 8, 124.84, 116765, 1238, 0, 0
936, 10, 39, 47, 0, 0, 2.89%, 0, 0, 8, 136.18, 117439, 1238, 0, 0
941, 10, 41, 47, 0, 0, 2.89%, 0, 0, 8, 140.60, 118151, 1238, 0, 0
946, 11, 42, 47, 0, 0, 2.89%, 0, 0, 8, 145.72, 118901, 1238, 0, 0
951, 11, 44, 47, 0, 0, 2.89%, 0, 0, 8, 146.40, 119651, 1238, 0, 0
956, 11, 41, 47, 0, 0, 2.89%, 0, 0, 8, 146.49, 120401, 1238, 0, 0
962, 11, 42, 47, 0, 0, 2.89%, 0, 0, 8, 145.30, 121149, 1238, 0, 0
967, 11, 43, 47, 0, 0, 2.89%, 0, 0, 8, 145.55, 121895, 1238, 0, 0
971, 11, 39, 47, 0, 0, 2.89%, 0, 0, 8, 146.63, 122489, 1238, 0, 0
