# relative_time, cycles_done, cur_item, corpus_count, pending_total, pending_favs, map_size, saved_crashes, saved_hangs, max_depth, execs_per_sec, total_execs, edges_found, total_crashes, servers_count
61, 0, 0, 15, 15, 1, 10.91%, 0, 0, 2, 45.17, 2801, 1950, 0, 0
66, 0, 0, 15, 15, 1, 10.91%, 0, 0, 2, 45.64, 3030, 1950, 0, 0
71, 0, 0, 15, 15, 1, 10.91%, 0, 0, 2, 45.90, 3260, 1950, 0, 0
76, 0, 11, 16, 15, 4, 10.91%, 0, 0, 2, 45.82, 3491, 1950, 0, 0
81, 0, 8, 16, 14, 3, 10.91%, 0, 0, 2, 45.66, 3729, 1950, 0, 0
86, 0, 9, 16, 13, 2, 10.91%, 0, 0, 2, 45.69, 3967, 1950, 0, 0
92, 0, 14, 17, 13, 1, 10.91%, 0, 0, 3, 42.82, 4190, 1950, 0, 0
97, 0, 14, 18, 14, 1, 10.91%, 0, 0, 3, 40.55, 4394, 1950, 0, 0
102, 0, 3, 19, 14, 0, 10.91%, 0, 0, 3, 44.53, 4631, 1950, 0, 0
107, 0, 15, 20, 14, 0, 10.91%, 0, 0, 3, 45.10, 4866, 1950, 0, 0
112, 0, 9, 20, 13, 0, 10.91%, 0, 0, 3, 45.78, 5105, 1950, 0, 0
117, 1, 19, 20, 13, 0, 10.91%, 0, 0, 3, 45.50, 5338, 1950, 0, 0
122, 1, 18, 20, 12, 0, 10.91%, 0, 0, 3, 45.81, 5568, 1950, 0, 0
128, 1, 1, 20, 11, 0, 10.91%, 0, 0, 3, 45.74, 5804, 1950, 0, 0
133, 1, 10, 20, 9, 0, 10.91%, 0, 0, 3, 45.78, 6039, 1950, 0, 0
138, 1, 4, 20, 8, 0, 10.91%, 0, 0, 3, 45.81, 6274, 1950, 0, 0
143, 1, 9, 20, 7, 0, 10.91%, 0, 0, 3, 45.91, 6512, 1950, 0, 0
148, 1, 2, 20, 7, 0, 10.91%, 0, 0, 3, 46.02, 6750, 1950, 0, 0
153, 2, 8, 20, 6, 0, 10.91%, 0, 0, 3, 46.07, 6990, 1950, 0, 0
159, 2, 0, 20, 6, 0, 10.91%, 0, 0, 3, 45.75, 7227, 1950, 0, 0
164, 2, 13, 20, 6, 0, 10.91%, 0, 0, 3, 41.88, 7440, 1950, 0, 0
169, 2, 5, 20, 5, 0, 10.91%, 0, 0, 3, 43.86, 7661, 1950, 0, 0
174, 2, 16, 20, 4, 0, 10.91%, 0, 0, 3, 45.39, 7899, 1950, 0, 0
179, 3, 7, 20, 2, 0, 10.91%, 0, 0, 3, 45.76, 8136, 1950, 0, 0
184, 3, 20, 21, 3, 0, 10.91%, 0, 0, 3, 45.71, 8368, 1950, 0, 0
189, 3, 2, 21, 2, 0, 10.91%, 0, 0, 3, 45.94, 8607, 1950, 0, 0
195, 4, 15, 21, 2, 0, 10.91%, 0, 0, 3, 46.04, 8845, 1950, 0, 0
200, 4, 4, 21, 1, 0, 10.91%, 0, 0, 3, 43.06, 9057, 1950, 0, 0
205, 5, 11, 21, 1, 0, 10.91%, 0, 0, 3, 45.09, 9294, 1950, 0, 0
210, 5, 11, 21, 1, 0, 10.91%, 0, 0, 3, 45.70, 9533, 1950, 0, 0
215, 6, 7, 21, 1, 0, 10.91%, 0, 0, 3, 45.72, 9771, 1950, 0, 0
220, 6, 21, 22, 2, 1, 10.93%, 0, 0, 4, 42.66, 9988, 1953, 0, 0
225, 6, 7, 22, 1, 0, 10.93%, 0, 0, 4, 44.15, 10212, 1953, 0, 0
230, 7, 11, 22, 1, 0, 10.93%, 0, 0, 4, 45.39, 10441, 1953, 0, 0
236, 7, 12, 22, 1, 0, 10.93%, 0, 0, 4, 41.40, 10646, 1953, 0, 0
241, 7, 17, 22, 0, 0, 10.93%, 0, 0, 4, 43.52, 10865, 1953, 0, 0
246, 7, 18, 23, 0, 0, 10.93%, 0, 0, 4, 40.79, 11063, 1954, 0, 0
251, 7, 11, 23, 0, 0, 10.93%, 0, 0, 4, 42.85, 11289, 1954, 0, 0
256, 8, 7, 23, 0, 0, 10.93%, 0, 0, 4, 44.28, 11517, 1954, 0, 0
261, 8, 22, 23, 0, 0, 10.93%, 0, 0, 4, 43.39, 11746, 1954, 0, 0
266, 8, 7, 23, 0, 0, 10.93%, 0, 0, 4, 43.47, 11933, 1954, 0, 0
